100
2242
8706
4059
953
9066
3
58
9216
84
376
9800
31
29
9912
10
1519
4732
7620
548
9650
75
3787
5698
1449
5037
7898
22
210
274
28
14
9902
7
678
9633
22
16
9889
4
436
496
2
636
9149
77
4228
4664
9247
3086
8817
275
127
9245
57
130
4123
5236
2728
9096
3970
1445
4944
222
6340
8796
67
442
9729
2
1679
9389
6207
5354
8520
3909
400
7316
5
229
9017
42
235
9070
72
377
9616
20
1297
3518
3562
4741
9844
6226
7132
9970
6591
2442
3072
3682
400
9368
68
237
410
1
159
9917
41
1
9851
8
498
9202
4
5689
7416
6690
1442
8968
7994
974
9836
25
634
9239
97
8471
8471
8471
611
9370
75
744
9126
68
259
9561
84
1439
4441
30
748
9395
9
4770
8952
8674
471
9577
14
296
9008
70
4681
5580
90
294
399
10
603
9337
29
4785
5159
5011
754
9335
55
19
9889
3
6599
9420
5600
885
9456
88
1963
6725
6
2299
4700
9444
4009
6024
3986
8547
8547
8547
240
9226
30
544
9907
20
3460
7195
7947
752
1935
16
463
9224
40
15
9996
9
199
469
20
2980
2980
2980
29
9966
6
107
9468
72
42
9620
93
20
9950
5
354
9887
83
27
9869
2
3307
7872
391
5762
6104
9507
5390
5880
98
617
9226
75
457
9589
89
790
9053
66
2633
5703
1894
6279
9272
4393
23
9996
1
659
9024
6
83
301
25
395
2500
3804
704
9723
84
210
9308
5
2156
6413
2730
257
9825
20
24
9938
64
8293
8707
7597
3345
6993
76
4351
8091
34
831
9646
3
273
279
41
241
470
55
