-1
-1
707
8882
-1
-1
5106
636
-1
7551
-1
6848
3698
-1
-1
5627
5801
533
7697
-1
-1
416
-1
3052
2371
3525
-1
2177
-1
-1
7082
-1
1269
8030
-1
5153
8076
-1
-1
7907
-1
4114
-1
6400
3136
23
8175
-1
-1
-1
-1
-1
-1
9734
4935
6978
6053
295
-1
362
7332
6516
2833
483
6534
-1
9940
-1
2353
-1
-1
6786
7937
-1
7165
6381
9687
8259
7114
-1
-1
2609
-1
-1
-1
2281
-1
3954
972
1376
1720
4996
-1
8552
593
-1
-1
3773
-1
7193
8123
3203
3972
-1
-1
-1
7655
4701
-1
-1
155
-1
-1
6337
7554
-1
4753
747
4801
1447
7498
7936
-1
3701
2725
-1
9546
2036
-1
-1
-1
-1
9523
4232
1032
6348
-1
2690
7642
9379
-1
-1
-1
-1
7057
-1
-1
-1
-1
1952
-1
1882
-1
6339
7190
5229
-1
-1
8570
-1
95
8096
-1
1548
-1
-1
3968
-1
7976
-1
-1
-1
-1
8323
7915
-1
-1
-1
-1
-1
9042
-1
-1
3450
-1
2042
-1
8381
1381
-1
6772
4656
6422
-1
133
6959
438
-1
-1
-1
9711
2658
-1
7120
3056
4356
4912
-1
3612
-1
-1
-1
3076
-1
3675
560
6859
-1
6749
-1
-1
1682
-1
-1
9163
-1
-1
3896
9906
-1
885
-1
-1
-1
-1
-1
-1
-1
-1
5860
-1
9351
3316
-1
-1
-1
-1
1592
-1
6282
8451
-1
2569
-1
-1
-1
9850
504
3958
-1
945
-1
2315
-1
-1
8575
2239
8652
-1
-1
-1
4100
-1
1067
9699
-1
-1
-1
-1
-1
-1
8524
9525
-1
-1
-1
4065
-1
-1
-1
-1
1280
2113
-1
-1
9292
-1
-1
6905
-1
-1
-1
7542
5389
3034
7723
-1
9084
9596
7147
981
7856
-1
7624
1744
-1
4941
-1
9191
8718
-1
-1
-1
6544
-1
5620
-1
8139
9285
-1
-1
4923
-1
9505
5766
3352
-1
3502
5132
6900
-1
-1
3400
1913
716
-1
-1
8375
5928
2480
9124
9109
529
-1
2813
-1
5283
7516
6982
7497
3117
-1
-1
-1
3704
-1
2459
7205
8531
1360
-1
99
-1
-1
6939
-1
5671
-1
3723
738
4528
-1
-1
-1
-1
-1
-1
-1
-1
-1
660
4095
2841
-1
-1
-1
4172
-1
3613
5686
-1
2210
-1
-1
4251
5909
-1
3592
-1
2410
-1
-1
9973
-1
5951
-1
6088
9831
-1
-1
3047
5729
-1
-1
-1
-1
-1
-1
-1
-1
4781
-1
4494
-1
2135
524
2328
4242
-1
-1
2778
-1
-1
-1
2801
-1
3714
-1
9207
-1
9560
-1
3496
9759
-1
8072
-1
-1
3403
16
1969
-1
1145
-1
8036
4512
-1
8949
-1
6085
5773
-1
8510
-1
-1
-1
-1
-1
-1
-1
753
536
8750
9898
3511
-1
-1
-1
-1
-1
3625
-1
7229
3489
-1
-1
116
-1
-1
9792
-1
-1
1916
-1
-1
27
-1
-1
-1
-1
-1
-1
2065
-1
-1
1999
2254
-1
-1
7408
7357
-1
6380
-1
-1
-1
-1
1776
78
4975
-1
-1
-1
2009
-1
-1
-1
2718
-1
5581
-1
-1
-1
-1
3674
-1
3781
370
-1
-1
3435
-1
1477
-1
-1
-1
2390
-1
-1
-1
-1
-1
-1
-1
3859
-1
-1
-1
-1
-1
-1
-1
3529
-1
-1
-1
2053
6228
4889
-1
-1
-1
-1
-1
-1
-1
5594
3262
2290
1887
2244
-1
-1
-1
1164
-1
-1
5982
-1
4018
-1
-1
-1
-1
5214
-1
191
5118
7478
9114
-1
8918
-1
-1
5204
-1
-1
-1
-1
-1
-1
7944
-1
-1
5549
-1
-1
4191
7054
-1
9652
-1
9319
1664
8207
-1
-1
6812
4974
-1
-1
-1
4986
4756
8408
-1
9635
-1
5644
-1
-1
-1
8837
-1
8157
8650
-1
-1
-1
-1
-1
-1
9296
1500
8251
-1
-1
-1
-1
9146
-1
6460
1135
-1
-1
4460
-1
1132
8101
-1
9062
-1
-1
2190
166
-1
-1
6855
5743
8495
5874
8225
-1
-1
-1
9887
7701
-1
6779
-1
-1
5763
-1
9323
-1
-1
-1
4386
-1
7874
9229
-1
-1
2234
-1
-1
-1
2424
8584
-1
5896
-1
-1
-1
-1
-1
-1
-1
8360
-1
6904
-1
5894
8767
-1
-1
7559
-1
5305
-1
5381
4370
-1
1773
2122
7062
2046
2050
6946
-1
-1
-1
-1
4050
-1
4936
-1
5886
-1
8999
8498
9249
-1
-1
-1
413
-1
-1
6688
-1
-1
8511
3967
844
-1
-1
-1
436
-1
4487
6639
3499
-1
-1
5866
685
-1
-1
1945
-1
7793
-1
4856
-1
-1
-1
-1
765
8355
-1
3857
-1
8887
-1
-1
-1
-1
-1
-1
5000
-1
-1
-1
-1
-1
7631
-1
-1
9561
5917
-1
-1
-1
-1
255
-1
6387
-1
-1
3998
-1
830
4189
5405
-1
8452
-1
-1
2188
1362
-1
6426
7210
-1
-1
-1
-1
-1
9399
7896
1206
-1
-1
9639
-1
1859
-1
-1
5460
-1
1504
7561
2382
-1
6357
5785
-1
-1
-1
-1
-1
9423
-1
-1
1384
-1
-1
1513
-1
619
-1
-1
-1
3001
9233
-1
7371
5999
-1
-1
3579
5634
1074
3463
3946
-1
-1
-1
-1
9602
-1
8836
441
-1
-1
6666
-1
-1
-1
8755
8657
5641
2794
2478
4540
6969
5651
7717
-1
-1
7145
-1
9282
9519
-1
-1
1386
9604
8664
-1
-1
-1
9894
5098
7609
2870
9987
-1
-1
-1
-1
3861
-1
2458
305
-1
1283
-1
-1
-1
3394
-1
2904
-1
6636
7000
6965
-1
1309
-1
-1
-1
4068
-1
-1
-1
5111
-1
-1
5138
-1
-1
1556
8577
-1
4569
-1
8388
-1
-1
-1
1401
-1
-1
4866
-1
5751
-1
-1
-1
-1
-1
9368
-1
7187
5883
-1
-1
-1
-1
9977
5314
6816
-1
7245
1553
-1
80
2181
5467
1719
-1
-1
-1
6885
9422
9477
-1
-1
-1
-1
5047
4489
-1
-1
-1
-1
7420
9403
6399
-1
-1
6019
-1
1095
3654
2945
-1
6034
334
8011
-1
-1
-1
6795
4303
-1
-1
3885
-1
-1
127
7203
-1
-1
-1
-1
-1
8874
2755
-1
-1
-1
-1
-1
1162
-1
-1
2919
-1
8392
-1
6020
-1
2431
-1
8377
4270
3333
88
-1
8236
-1
-1
-1
6126
718
6312
-1
-1
4247
-1
-1
-1
279
5711
7712
-1
-1
1150
9905
-1
5559
-1
5035
4406
6328
2948
-1
-1
745
4343
2377
-1
9943
6404
3328
6135
5114
5509
-1
-1
2499
4316
-1
7998
3055
4621
6171
-1
-1
-1
-1
9354
3141
-1
-1
-1
7987
-1
3497
4392
2213
-1
8651
-1
-1
9098
7432
-1
799
-1
4769
-1
-1
5369
-1
-1
-1
8848
1958
-1
-1
-1
599
1093
-1
6260
-1
7070
-1
2012
8831
8981
-1
7166
-1
-1
-1
-1
-1
-1
-1
4473
856
-1
2582
-1
5438
-1
-1
-1
-1
-1
-1
3719
-1
8725
224
-1
8399
9378
-1
64
5931
653
-1
-1
-1
-1
-1
6761
8891
-1
6335
-1
-1
4534
5714
-1
-1
2802
-1
6870
-1
4160
5275
-1
1905
2403
1843
4576
-1
5733
2376
207
4695
2161
5955
-1
-1
-1
5964
-1
9345
-1
537
6237
8936
2523
-1
1417
4053
5482
-1
-1
600
-1
-1
6124
7651
5737
2279
-1
7102
1933
643
-1
-1
-1
-1
-1
9430
-1
7775
1903
1299
-1
-1
8992
1357
-1
-1
6805
500
-1
9470
-1
-1
-1
8802
-1
1121
-1
7016
-1
3373
-1
-1
-1
8026
8008
-1
7090
-1
-1
-1
9644
6650
-1
-1
-1
-1
-1
-1
-1
-1
8088
-1
76
-1
-1
9722
-1
-1
-1
-1
-1
-1
-1
2585
-1
1103
2288
-1
-1
234
-1
-1
-1
-1
8513
-1
9843
1169
6605
-1
1086
2827
1953
-1
-1
-1
1605
2677
4783
7427
9492
1203
3743
9815
2350
-1
-1
4429
2192
5388
-1
-1
8980
-1
4435
-1
-1
3370
1801
-1
8850
5137
-1
4722
-1
9344
-1
-1
-1
3470
-1
-1
6365
-1
7950
-1
2655
7784
-1
-1
3397
-1
882
803
-1
-1
4153
7058
6676
1108
6736
6038
5882
7404
-1
-1
7284
-1
-1
4940
6921
-1
2354
9496
7170
5821
1721
-1
2446
-1
-1
7514
1810
-1
1772
-1
-1
-1
8080
9528
1692
1476
4022
-1
7736
227
7849
-1
-1
7051
2759
7247
-1
-1
-1
7763
-1
3970
-1
-1
-1
-1
7132
-1
-1
-1
6653
-1
-1
6727
9234
9693
-1
-1
4089
-1
-1
-1
4837
-1
-1
2270
-1
-1
3997
-1
-1
1893
392
6290
-1
-1
-1
7080
-1
-1
6765
8386
1083
8456
3354
-1
-1
-1
3937
-1
1665
-1
8563
1426
-1
-1
-1
8945
5418
-1
1413
-1
-1
3125
8272
3974
-1
-1
1611
3860
4708
-1
8009
-1
-1
-1
-1
-1
6985
2034
7758
1418
-1
-1
8502
4838
6068
-1
-1
-1
-1
3281
6689
-1
-1
-1
-1
-1
8489
-1
7141
4625
-1
-1
1445
-1
-1
-1
8188
-1
-1
9120
8956
-1
9075
2226
-1
1797
-1
-1
-1
6368
874
-1
9444
-1
6116
9447
-1
-1
-1
-1
-1
-1
9500
7101
7657
2202
4952
37
-1
7894
-1
4156
235
5893
-1
226
-1
5649
807
5701
-1
-1
3414
-1
8334
-1
-1
-1
5187
-1
7178
-1
-1
-1
9514
-1
4728
-1
-1
-1
9460
-1
5386
9044
8142
2529
-1
-1
6011
8593
-1
-1
5261
-1
3073
1087
-1
4138
-1
-1
-1
8734
-1
-1
-1
-1
2610
2393
-1
5072
-1
2593
3246
3899
-1
9437
5497
6611
-1
-1
-1
5836
826
-1
376
967
6895
2586
7330
8336
-1
-1
3070
6685
4530
-1
4442
6625
-1
4718
-1
-1
-1
-1
-1
8736
2423
-1
-1
8199
4905
7700
6323
-1
-1
770
6948
-1
-1
6104
3119
-1
9507
-1
9025
-1
-1
1657
-1
1742
8015
-1
428
9946
-1
-1
-1
-1
9219
6257
1158
8063
-1
1302
9267
3457
-1
4636
7093
-1
-1
9045
9908
-1
5704
-1
-1
284
-1
6581
1271
1899
-1
2408
-1
-1
9182
-1
813
-1
-1
-1
-1
4092
7675
-1
-1
9877
8485
-1
-1
-1
-1
6764
-1
-1
-1
3905
-1
5898
-1
-1
7895
1028
-1
5572
2231
-1
1131
4056
-1
-1
-1
-1
1790
3422
4117
-1
-1
4404
-1
-1
-1
-1
-1
1919
-1
-1
-1
-1
7143
8719
2049
1058
-1
-1
6018
-1
5446
1873
3291
1701
6334
7851
-1
-1
-1
8031
-1
6740
6861
-1
4877
-1
9300
711
-1
-1
5546
-1
740
8503
4588
-1
4273
-1
465
4407
-1
5308
-1
2764
-1
5270
-1
6072
-1
7626
-1
6502
8742
515
8911
-1
-1
-1
923
6267
6354
-1
6367
-1
-1
7801
-1
4229
7243
9568
7650
3181
-1
-1
9383
8760
-1
-1
2577
-1
2902
4014
4895
-1
-1
2194
-1
-1
-1
-1
-1
-1
-1
5421
4336
-1
2487
-1
-1
411
6025
57
-1
5339
-1
-1
5520
6725
4212
-1
-1
-1
-1
3518
315
-1
-1
-1
-1
-1
3189
-1
-1
4688
-1
6572
5302
-1
-1
-1
-1
8545
2931
-1
3966
-1
8973
5673
2228
-1
-1
358
92
323
-1
-1
9556
-1
-1
1639
-1
2466
6755
-1
-1
5045
-1
-1
-1
2277
1959
-1
-1
-1
3147
-1
5615
-1
4057
9214
-1
-1
-1
6206
1177
-1
1060
6227
-1
4400
1211
-1
2055
7472
3392
4045
6691
6028
1311
585
-1
-1
-1
-1
-1
-1
-1
-1
-1
-1
2606
1184
-1
4075
-1
-1
-1
-1
-1
3480
-1
-1
-1
-1
4424
8316
-1
-1
6004
-1
-1
3537
8233
-1
-1
2988
-1
-1
2032
-1
5738
971
-1
2681
4933
5257
-1
-1
4988
9213
8622
6634
-1
8190
5282
-1
4976
-1
3115
1607
7927
1915
3875
3465
410
3504
-1
3317
-1
8671
2169
6675
9063
8702
-1
1467
4766
7769
8838
5580
8147
-1
8771
7588
4352
369
-1
4638
5131
7860
8119
5113
4497
-1
-1
-1
2387
470
-1
-1
-1
5989
-1
1274
-1
-1
494
2007
-1
-1
-1
-1
7978
2694
7507
3596
-1
-1
-1
-1
5127
446
-1
2674
-1
-1
-1
-1
6707
8612
4466
3405
6005
8910
-1
-1
-1
-1
2571
2407
-1
1165
-1
8818
5550
-1
-1
5937
-1
4432
-1
8044
-1
2179
-1
7597
2041
1459
5091
9043
4120
2866
7179
3062
9586
-1
-1
-1
2081
-1
7686
-1
-1
3399
-1
9432
-1
-1
5081
-1
5055
-1
2272
7111
8942
1562
5744
-1
-1
-1
8976
6178
132
959
-1
-1
9642
9061
-1
-1
-1
8893
9625
-1
5925
209
-1
-1
-1
6813
9888
-1
-1
4321
-1
4778
-1
-1
-1
-1
2769
5808
344
-1
-1
-1
3543
-1
3638
9704
-1
862
2892
-1
-1
-1
-1
-1
-1
2672
-1
-1
3339
-1
-1
-1
-1
-1
-1
-1
9388
-1
-1
2134
-1
1018
5107
-1
5479
-1
2640
5822
-1
-1
4670
-1
8939
5998
-1
91
-1
4531
2721
1817
-1
-1
2359
6208
3043
2448
5877
-1
-1
-1
472
-1
8606
-1
3830
-1
9352
6884
6886
9306
5058
9657
-1
4181
-1
9678
-1
1092
6657
8528
904
-1
5397
1668
-1
5528
2846
-1
-1
-1
5456
5707
-1
-1
8069
-1
-1
3693
-1
-1
-1
-1
-1
-1
497
-1
-1
-1
8542
-1
835
-1
-1
-1
-1
9217
7347
-1
-1
-1
-1
-1
-1
9603
9565
6513
-1
-1
3299
7715
-1
5639
4956
3953
5824
4768
-1
-1
-1
-1
2978
1539
-1
2205
1650
-1
-1
2508
-1
5306
6769
8254
5372
-1
-1
4857
-1
-1
-1
-1
8173
-1
1883
-1
7848
-1
1800
-1
-1
-1
-1
2708
5683
-1
-1
-1
3816
-1
-1
-1
-1
-1
-1
-1
5768
1407
-1
-1
-1
6663
9707
-1
7661
-1
8888
-1
317
1554
3703
-1
-1
-1
-1
-1
539
-1
-1
846
-1
-1
-1
-1
654
6013
-1
847
-1
-1
818
8991
3250
-1
9449
-1
-1
9172
2153
5142
8782
9485
-1
-1
-1
-1
-1
5287
-1
2037
7873
7209
4550
-1
-1
9685
1041
-1
-1
1549
7444
-1
-1
-1
5953
4445
6585
-1
6815
887
-1
1151
-1
2156
-1
-1
-1
-1
8344
-1
-1
-1
-1
-1
6616
-1
2613
-1
1646
6128
-1
5587
-1
6580
4011
632
-1
-1
8367
857
9049
8198
977
898
8506
5299
6112
7224
-1
-1
-1
-1
-1
-1
5
4308
-1
6564
6530
4529
1983
-1
-1
-1
1221
-1
-1
5022
5417
-1
7310
-1
4744
-1
4511
8787
-1
-1
6145
9493
7492
2925
1928
39
-1
-1
-1
-1
2776
5174
3440
3018
-1
6535
2644
8627
3916
-1
-1
-1
6918
2312
-1
7633
-1
5631
2484
9768
-1
-1
3145
-1
1474
1035
615
5564
4817
-1
2601
-1
204
3093
506
1457
-1
-1
1152
2581
-1
1048
7304
-1
2952
8084
4594
-1
-1
4051
6351
-1
2821
-1
-1
7270
-1
187
-1
5356
7298
3581
6962
-1
-1
-1
1317
6818
-1
202
-1
9308
4949
-1
-1
-1
-1
-1
7760
-1
-1
8202
-1
2954
-1
9714
-1
2178
6221
-1
7996
6179
-1
5298
8589
-1
-1
5684
6295
2198
-1
-1
9291
8035
-1
-1
-1
-1
-1
-1
1344
-1
1025
3226
-1
4128
2997
-1
6718
-1
-1
-1
-1
-1
-1
8411
-1
5406
-1
-1
-1
-1
-1
-1
7249
-1
-1
-1
2596
-1
7144
-1
-1
-1
4928
-1
5278
9667
2333
9665
-1
-1
-1
157
-1
6567
-1
1563
6511
3892
-1
-1
6654
-1
-1
-1
7367
8909
4699
-1
-1
-1
-1
6520
-1
7465
3014
2824
7191
-1
8074
6058
-1
-1
5804
4103
-1
-1
-1
-1
-1
4291
-1
-1
-1
8509
-1
621
-1
322
8477
4533
172
3925
8079
-1
8307
222
-1
-1
-1
-1
-1
9901
4123
-1
2923
6850
-1
-1
-1
9149
-1
6189
-1
-1
-1
-1
1917
7207
9395
-1
8240
-1
3624
-1
2964
-1
-1
-1
-1
-1
-1
6010
-1
-1
963
-1
1669
1823
-1
5938
-1
3313
7589
5007
1350
-1
2533
1037
1641
-1
-1
-1
4222
-1
2380
-1
-1
7890
5537
-1
-1
6139
-1
5249
7530
665
-1
-1
-1
-1
-1
-1
-1
-1
-1
-1
-1
4122
-1
-1
-1
-1
5606
-1
-1
-1
-1
2661
-1
-1
6309
-1
2583
9696
2265
-1
2895
8024
-1
-1
-1
-1
4697
4349
-1
-1
6614
408
-1
-1
-1
-1
-1
2985
9397
3479
7630
7182
-1
-1
7088
9361
3551
8998
8257
647
-1
-1
-1
7580
1116
-1
7745
-1
-1
6120
9174
9324
8908
-1
-1
1265
-1
-1
-1
-1
2958
-1
3731
-1
8517
-1
-1
197
3918
7398
4378
-1
-1
2242
5347
3198
6074
6252
6771
6767
-1
-1
3955
-1
-1
4249
9392
-1
7855
1764
-1
3096
-1
-1
-1
-1
56
7417
1193
-1
-1
2922
6500
-1
-1
2908
2235
2126
8540
3729
-1
3962
2004
9183
-1
3495
9576
-1
2871
200
-1
2979
-1
-1
-1
9288
-1
214
-1
-1
-1
5425
6245
-1
3294
1450
-1
7755
4451
-1
-1
3845
8424
8012
3322
4055
-1
1264
4230
845
4985
-1
-1
4073
-1
7461
-1
3924
7056
5326
-1
-1
2722
5115
-1
-1
-1
8747
480
2754
-1
6546
8442
2929
5661
2193
8880
9880
-1
5051
-1
-1
4671
2440
-1
6819
-1
2837
5032
-1
-1
-1
6741
-1
1956
162
7017
545
1820
-1
4155
-1
5173
8244
8189
-1
4482
5367
496
8246
-1
-1
9859
-1
1416
-1
9606
-1
2520
6553
2164
7232
5748
5819
-1
-1
-1
-1
-1
754
9228
4767
71
-1
-1
7620
-1
1230
-1
-1
4265
5725
142
-1
-1
1254
-1
9623
8092
-1
-1
8516
825
6432
-1
-1
7646
-1
4377
5604
6628
2965
5478
3556
-1
-1
-1
-1
1
-1
7739
-1
129
-1
5002
6846
-1
-1
-1
-1
3175
-1
9212
2938
-1
7380
-1
-1
8904
-1
5433
1831
7741
-1
1397
8166
-1
-1
-1
-1
9097
-1
2132
3604
-1
-1
443
-1
-1
-1
-1
-1
1560
9164
-1
8235
4130
4437
-1
7429
5734
-1
-1
9475
-1
8037
-1
3023
6066
-1
7215
9176
1696
-1
-1
-1
-1
-1
-1
-1
3013
3947
-1
-1
-1
-1
-1
-1
-1
3208
-1
6269
-1
-1
1434
2155
7252
5561
-1
-1
-1
-1
7118
1638
-1
4814
-1
8500
-1
-1
-1
-1
2728
-1
-1
5094
7031
8943
-1
2602
4296
1872
4989
-1
3828
-1
-1
6384
-1
7546
4575
6141
-1
7391
8274
-1
-1
-1
4720
1722
-1
-1
-1
-1
-1
-1
3095
-1
6679
-1
4700
9520
723
-1
-1
-1
6076
-1
-1
5411
4450
-1
1168
5876
3015
1279
-1
-1
-1
5226
9810
4187
2402
-1
9074
-1
-1
2623
5653
-1
6976
3540
-1
8599
-1
3190
5322
-1
-1
-1
6762
-1
6064
22
3123
-1
-1
-1
-1
-1
9421
-1
4158
-1
2650
-1
915
-1
-1
3614
1157
-1
7808
6346
5041
185
6341
5102
-1
8122
-1
-1
-1
7501
2460
-1
-1
6984
8774
8479
4762
-1
-1
-1
169
-1
-1
1400
-1
-1
8288
7410
-1
8979
6514
6246
7974
-1
6974
1644
-1
938
4409
8414
1130
9370
-1
-1
5926
6155
-1
-1
7689
1368
603
-1
7262
1226
3287
-1
-1
3010
-1
2806
-1
6022
614
4525
-1
-1
7711
8476
3837
-1
9202
1518
8310
-1
-1
-1
-1
-1
5828
-1
-1
-1
5470
7343
219
-1
6643
-1
-1
1326
-1
-1
6922
-1
-1
152
8804
-1
-1
-1
8867
-1
3456
-1
-1
-1
-1
7997
1879
5400
-1
-1
-1
4140
-1
2673
8797
-1
7072
7797
-1
-1
1884
-1
-1
8754
-1
9340
-1
-1
8753
9784
-1
9630
-1
-1
-1
3682
-1
-1
9348
-1
-1
3680
9304
3721
-1
-1
3780
6102
8448
-1
-1
4710
-1
2896
9469
6364
-1
-1
9293
-1
-1
9616
3706
-1
7747
4626
7906
265
-1
2823
2248
-1
-1
7779
-1
-1
-1
2798
-1
-1
9461
7796
-1
-1
-1
-1
-1
7535
3224
5510
-1
-1
1061
3228
-1
5195
-1
6595
-1
8876
6637
-1
-1
-1
-1
6832
7278
5043
7028
-1
833
-1
8406
-1
-1
5086
3755
-1
7155
1442
-1
-1
-1
-1
401
-1
-1
-1
-1
-1
5404
3124
2137
-1
-1
7244
-1
9091
-1
7399
-1
6724
-1
-1
-1
1506
-1
-1
4472
-1
-1
8790
4784
-1
3178
1059
3694
-1
-1
-1
719
-1
-1
-1
-1
8590
955
-1
-1
9746
-1
260
8373
-1
6798
-1
4691
6903
2482
9814
7265
4503
-1
4017
-1
7804
-1
-1
5439
-1
-1
3029
9372
8587
6277
-1
-1
5747
-1
4283
7714
3458
4199
-1
-1
-1
-1
-1
6319
-1
9757
-1
6989
7875
-1
-1
-1
-1
7301
-1
7186
-1
7069
-1
4246
-1
9504
-1
9647
-1
6917
3320
-1
4084
1507
-1
8131
-1
-1
-1
3445
-1
4812
7389
8379
-1
-1
-1
839
-1
-1
-1
607
-1
9417
-1
1119
1424
-1
-1
8283
-1
-1
9598
-1
6601
9243
-1
-1
4395
-1
-1
5220
794
-1
-1
-1
5811
8023
6792
1522
-1
-1
-1
-1
-1
-1
-1
6742
4026
-1
942
2297
-1
2102
8993
6095
4272
6574
-1
-1
4536
2785
-1
-1
7396
8793
5269
-1
-1
1609
1318
-1
3767
-1
2599
3515
-1
2225
378
3355
6669
-1
-1
-1
8447
8951
29
-1
4288
-1
-1
-1
6706
-1
-1
1532
3466
6967
-1
-1
-1
-1
6024
-1
-1
5771
8457
-1
1827
6062
-1
-1
9081
-1
-1
9684
-1
8533
-1
-1
7552
4552
7622
-1
-1
-1
-1
8946
-1
7563
-1
-1
7990
8505
6078
-1
-1
-1
3040
3253
-1
-1
7200
3471
-1
-1
9495
-1
8759
8994
8916
9058
-1
8997
-1
2899
4310
5271
6621
-1
8365
-1
-1
-1
-1
7151
-1
3144
-1
6484
9008
3841
-1
-1
-1
8592
-1
2144
7372
-1
7388
-1
-1
9516
-1
195
1291
5023
-1
421
-1
-1
-1
9452
1159
5444
7285
-1
9484
-1
-1
-1
4385
-1
7327
8179
-1
7819
-1
5009
-1
-1
7107
2787
-1
5416
-1
-1
-1
-1
-1
7865
-1
-1
6857
5376
2141
-1
1023
-1
-1
-1
7560
-1
1391
-1
2968
-1
-1
2031
6027
8102
-1
-1
-1
989
-1
-1
7382
-1
103
-1
-1
3990
2014
832
2485
710
-1
-1
3468
2791
-1
-1
-1
6735
8059
9094
8284
1725
-1
-1
-1
-1
-1
-1
4334
-1
1988
6871
4186
1866
-1
-1
-1
-1
5990
-1
2220
4729
-1
4647
-1
-1
-1
-1
-1
8834
-1
-1
-1
2447
-1
-1
-1
-1
190
-1
-1
-1
-1
-1
9389
6344
8362
4921
-1
3240
6097
-1
5120
-1
-1
-1
-1
9515
-1
-1
4772
-1
-1
3792
-1
9950
-1
-1
-1
-1
-1
-1
8832
5180
9729
-1
-1
-1
-1
-1
-1
9820
-1
-1
628
-1
2262
-1
1653
4669
-1
9540
-1
927
-1
-1
-1
-1
-1
-1
4116
-1
6409
-1
-1
5212
7233
4873
247
-1
4726
4820
-1
7424
8866
7965
6352
-1
-1
-1
5586
1478
-1
-1
-1
4111
3243
5984
-1
8744
8573
-1
-1
7528
6057
-1
-1
-1
2720
-1
-1
-1
-1
9085
3948
-1
-1
-1
-1
-1
587
2384
3443
-1
-1
4455
2969
-1
5612
-1
-1
-1
-1
6797
-1
2888
7826
4705
7437
7968
-1
-1
-1
-1
-1
-1
-1
666
-1
8751
-1
-1
1695
-1
-1
-1
-1
3869
-1
6960
-1
4289
-1
9064
9057
4673
-1
-1
1670
901
-1
652
-1
-1
8483
-1
-1
7021
-1
4006
342
-1
6272
1690
-1
9719
-1
5148
426
625
-1
8582
3365
4702
-1
-1
-1
5847
-1
-1
-1
367
-1
5660
-1
-1
100
-1
4275
-1
-1
6321
-1
-1
827
789
-1
-1
5350
9355
-1
6604
-1
-1
7368
-1
-1
-1
4107
-1
-1
8852
332
3485
9595
-1
-1
-1
-1
148
9270
-1
-1
-1
-1
-1
-1
8809
681
-1
9203
3711
2247
2306
2285
7888
6947
-1
3314
-1
698
-1
-1
4558
4292
-1
-1
-1
4833
1156
-1
-1
-1
3867
9173
-1
8683
7951
-1
2334
-1
9055
2667
7805
-1
-1
8534
-1
-1
7824
2869
477
8538
1281
4412
-1
2788
5502
-1
1441
3642
8674
-1
-1
-1
-1
6649
1698
-1
5605
2739
-1
888
-1
-1
3683
-1
-1
6835
5654
-1
-1
5576
-1
-1
-1
-1
8148
2433
9961
-1
171
9134
7346
6259
8455
1179
-1
-1
-1
5291
6851
3453
1026
-1
4929
1846
1601
-1
-1
5596
-1
2568
-1
-1
-1
544
-1
-1
5603
4567
-1
518
-1
-1
-1
4499
8889
8438
-1
1078
9264
-1
-1
1102
7045
-1
-1
7489
-1
-1
7510
-1
3094
824
779
2201
6686
415
-1
-1
-1
9273
-1
-1
7923
-1
-1
5650
6310
-1
-1
-1
8383
1042
6778
-1
-1
-1
-1
-1
6476
7749
346
-1
5466
7443
-1
-1
9715
3159
9829
8422
4194
-1
1399
6849
-1
-1
-1
-1
5071
4157
-1
5399
34
-1
4721
-1
2943
-1
355
3524
3671
1460
-1
-1
7964
-1
804
-1
6407
-1
8039
-1
4598
2240
5489
-1
-1
-1
873
-1
3239
7901
2994
-1
6936
-1
8325
8404
2418
2809
-1
7515
-1
-1
694
-1
4609
-1
8862
-1
1732
6996
6470
-1
1038
-1
9038
-1
3361
4007
601
8801
9698
4163
-1
-1
4510
4019
2138
7331
8819
-1
-1
7423
-1
4209
-1
-1
-1
-1
-1
-1
-1
-1
2578
9436
1806
-1
-1
6746
-1
-1
762
7038
429
1589
7663
9113
8791
8440
-1
-1
7799
-1
3616
9574
7063
9481
-1
8695
1775
-1
-1
6739
759
382
9889
-1
-1
777
6662
797
6747
3632
-1
1708
5378
-1
1727
2349
-1
6233
-1
8863
-1
3349
645
3989
8952
4168
-1
-1
-1
7573
2910
9059
-1
-1
-1
4596
3237
-1
-1
-1
5805
9532
-1
-1
-1
3280
-1
1175
2736
-1
8537
-1
-1
7956
-1
-1
2399
7039
2735
-1
7503
-1
-1
-1
-1
-1
-1
9551
-1
-1
796
-1
9724
-1
-1
-1
-1
-1
-1
7730
6752
-1
-1
-1
-1
-1
198
5020
-1
8580
-1
-1
4725
3282
5616
-1
9883
-1
-1
1599
8928
-1
-1
-1
2266
-1
6464
8613
2419
-1
8630
-1
5770
-1
5046
-1
9785
-1
1902
4623
455
7750
1511
6016
9826
-1
-1
1216
3646
5130
8348
3161
7439
-1
-1
6089
1236
4236
1482
9591
-1
1616
-1
-1
5648
-1
3210
-1
-1
5453
1240
-1
3894
1583
-1
889
-1
1678
5923
-1
-1
3752
-1
-1
-1
4074
1763
2701
8304
-1
-1
-1
-1
-1
-1
-1
-1
-1
-1
-1
3915
6371
-1
3559
-1
-1
6044
-1
-1
-1
1425
-1
-1
453
1730
272
-1
1194
-1
2097
330
-1
-1
2971
7505
7842
6390
-1
8520
2307
-1
-1
-1
954
8966
-1
-1
-1
6631
-1
8144
-1
4281
-1
6531
-1
9256
4279
4206
-1
8579
9408
4221
-1
-1
6326
5593
5004
-1
4546
-1
-1
6465
966
4979
2792
-1
-1
-1
6703
8678
3476
4874
-1
-1
-1
-1
7984
-1
3801
4384
-1
5334
-1
4297
-1
-1
-1
4201
-1
5965
-1
4757
-1
-1
-1
-1
4346
-1
-1
-1
3689
-1
-1
-1
-1
7863
-1
110
-1
-1
61
-1
5522
-1
-1
7610
-1
-1
1777
-1
-1
-1
-1
3607
-1
1984
1420
2934
538
-1
2421
-1
3983
-1
404
-1
3309
6823
4464
5797
4277
9769
-1
-1
8187
6142
-1
-1
-1
5001
-1
-1
-1
5225
-1
9178
-1
-1
6896
-1
-1
-1
-1
4683
634
-1
3636
9070
1767
-1
3578
-1
-1
-1
-1
5973
5807
3217
-1
9570
153
-1
-1
5083
9419
-1
-1
7108
4644
-1
-1
-1
1118
-1
8160
-1
-1
3467
-1
-1
-1
1412
2284
-1
9246
1463
-1
4948
7463
8820
1395
-1
-1
6134
4030
1134
2972
-1
1591
-1
-1
9357
-1
9411
-1
184
5175
8633
6991
7339
7660
8649
801
389
-1
-1
-1
4477
-1
-1
-1
6681
5724
1847
1124
815
-1
-1
5392
468
5038
-1
4479
-1
4071
-1
-1
306
-1
8238
2852
3107
-1
7771
4394
359
4736
1332
-1
4802
-1
6556
-1
-1
7414
-1
3666
9794
7628
-1
7152
1845
7333
-1
-1
-1
-1
-1
6450
-1
571
-1
-1
8554
-1
-1
8345
-1
-1
1409
-1
6646
1091
-1
-1
-1
-1
-1
9965
-1
7827
1923
5025
8982
2500
4223
-1
2157
-1
5601
5342
2219
-1
-1
1819
4368
-1
-1
-1
5480
-1
1449
618
3133
-1
-1
-1
-1
4126
558
-1
-1
354
-1
-1
2705
850
7131
3429
405
-1
-1
7216
1356
4891
-1
7532
-1
-1
-1
-1
-1
-1
4655
3308
-1
6594
7314
931
4286
-1
8445
-1
-1
9849
1024
-1
-1
-1
363
-1
-1
1351
-1
3417
6825
9456
3836
6647
-1
-1
8610
5040
-1
4547
8000
-1
-1
399
6899
-1
-1
6876
6600
1824
5526
-1
-1
9122
-1
3815
-1
7246
6204
3083
-1
9932
-1
2073
-1
5718
7596
-1
287
-1
7206
-1
9302
-1
-1
-1
-1
9529
-1
2047
6843
6837
523
-1
-1
-1
6842
-1
-1
5192
3167
368
-1
-1
6199
-1
-1
-1
-1
9626
-1
-1
4481
-1
-1
9391
-1
-1
1070
4096
-1
4070
1369
8281
5184
-1
5900
-1
2058
-1
5262
978
-1
1432
9506
-1
-1
4773
-1
-1
8933
-1
-1
-1
5689
6033
3232
-1
-1
-1
-1
-1
2615
-1
3991
-1
2008
-1
-1
-1
239
8058
7168
-1
318
-1
252
626
-1
-1
-1
-1
7877
-1
3393
713
2051
-1
-1
6472
7659
5672
-1
1930
4610
-1
-1
9754
-1
-1
-1
4619
-1
1098
-1
5328
-1
1096
-1
-1
715
6933
-1
263
-1
-1
3461
6509
6307
-1
5265
5887
-1
-1
8372
-1
5188
-1
-1
-1
489
-1
9919
1832
2565
6784
-1
-1
-1
-1
-1
-1
8492
-1
2355
-1
-1
-1
-1
7086
4841
1761
1734
-1
3238
-1
-1
2893
-1
-1
-1
-1
-1
-1
-1
7598
5831
-1
-1
-1
-1
-1
3630
-1
-1
9590
1456
-1
-1
321
2151
8232
667
-1
868
-1
8624
8996
3011
-1
1519
-1
-1
2614
-1
1966
6696
7369
-1
783
-1
-1
8341
9740
-1
-1
6914
1935
7770
5472
-1
-1
-1
1246
3507
-1
8107
-1
-1
7999
5379
-1
-1
-1
-1
5410
-1
3311
3932
2857
-1
-1
-1
2620
-1
266
4000
-1
2881
-1
3385
-1
9666
-1
-1
8701
-1
6416
-1
4110
-1
769
-1
6370
2915
-1
7196
-1
2227
-1
-1
6188
386
4668
-1
6391
1250
3335
1239
53
1440
5095
6449
7365
6945
2119
3520
-1
-1
-1
-1
-1
7667
-1
3547
9876
2796
-1
9170
5969
-1
8247
790
-1
-1
3769
3733
8309
3067
-1
-1
-1
4233
-1
-1
-1
6847
-1
3269
2140
4366
-1
-1
608
5384
1439
1149
-1
-1
2405
-1
6872
1438
7961
-1
-1
2746
853
-1
7925
2516
-1
-1
54
-1
2017
-1
-1
6417
3395
1569
1006
-1
8487
3338
2830
7592
-1
8812
-1
-1
-1
-1
-1
4731
-1
3324
-1
-1
7600
-1
1320
4483
7777
5657
1867
-1
-1
-1
1963
-1
4461
-1
1043
7594
5280
7977
-1
9803
-1
-1
-1
4888
5245
2777
311
2159
-1
-1
9748
-1
9511
-1
5285
3800
8203
3482
-1
9867
9712
5403
-1
-1
-1
32
2416
5459
930
546
996
9967
6379
-1
5619
4508
687
-1
-1
-1
-1
-1
1267
-1
-1
6672
2057
9488
4492
242
1918
-1
3528
7942
2611
-1
5030
-1
-1
6591
-1
4977
-1
-1
2763
-1
9154
6162
-1
-1
-1
3603
-1
-1
5183
9132
-1
-1
-1
6730
5185
7904
3077
-1
4836
9878
-1
4919
-1
7006
-1
-1
1807
-1
9861
-1
1910
-1
6398
-1
-1
-1
9158
4312
1485
-1
8178
7737
9401
-1
-1
4458
-1
-1
-1
-1
-1
-1
8338
-1
125
1253
-1
-1
-1
-1
7421
-1
-1
-1
6782
9224
4553
-1
7975
-1
383
-1
-1
-1
5199
-1
-1
7893
-1
7922
9775
3855
-1
7364
3387
-1
916
-1
-1
-1
5329
-1
2918
2829
-1
8551
-1
5679
6858
4150
-1
7548
8330
8601
-1
-1
950
6887
-1
381
8184
4444
-1
2696
-1
-1
2980
-1
7451
1383
-1
-1
6000
2687
1850
2233
-1
-1
-1
-1
1378
-1
-1
-1
-1
8356
3677
3842
2865
5789
9450
4169
-1
-1
9830
-1
-1
-1
613
-1
-1
5709
7113
1714
-1
-1
-1
-1
-1
8205
7570
9439
-1
6249
-1
4351
3154
-1
-1
-1
-1
683
-1
7174
1423
-1
-1
-1
6165
-1
-1
-1
4738
-1
4167
3106
-1
5796
9339
4324
3469
3049
-1
-1
-1
-1
8864
-1
-1
6558
5151
-1
7354
-1
-1
-1
8159
-1
-1
-1
-1
-1
-1
7897
-1
-1
2108
1180
-1
4171
-1
5993
4535
-1
2209
-1
5364
6633
570
-1
1174
8369
-1
-1
9457
-1
1681
-1
-1
-1
-1
134
8595
-1
1232
-1
6198
-1
-1
-1
-1
7543
2130
-1
8268
-1
2947
8165
6791
-1
-1
-1
2970
7995
-1
9913
-1
-1
1208
2646
7909
5194
-1
-1
1321
-1
-1
-1
-1
-1
1618
-1
-1
7493
8810
-1
7173
-1
7335
4115
-1
-1
-1
-1
6878
-1
-1
6548
6559
-1
-1
8250
1327
2483
1643
-1
-1
-1
-1
-1
-1
5057
1077
-1
-1
6262
270
-1
-1
-1
-1
-1
3810
-1
7852
8467
5167
-1
3327
-1
-1
3319
-1
-1
5321
-1
6098
1390
5784
-1
4560
-1
-1
5983
-1
8778
-1
1241
8211
-1
-1
-1
9333
-1
-1
136
-1
3725
5070
-1
473
5468
-1
5196
-1
-1
-1
-1
2986
-1
-1
9431
-1
6275
-1
-1
-1
-1
-1
-1
7815
-1
-1
3025
9130
-1
2309
-1
3372
-1
6374
-1
6091
-1
3325
4363
-1
6617
-1
1257
440
2078
-1
8835
-1
5474
8132
-1
-1
1252
-1
673
-1
-1
3981
5941
6590
3033
-1
3647
2576
7595
-1
-1
561
7618
4520
4449
855
-1
-1
3085
7912
98
-1
-1
6539
4423
4322
4640
8959
2608
-1
7981
7908
2330
566
5272
5018
2324
9587
-1
-1
-1
-1
8611
2905
-1
543
2617
-1
-1
-1
-1
8915
7397
8872
2707
-1
-1
-1
3510
-1
8906
-1
1287
7412
7637
-1
5757
9633
1404
9390
8146
-1
1834
-1
9289
-1
-1
-1
6478
-1
-1
1989
-1
4422
6311
2173
2172
-1
7329
4485
9272
-1
735
-1
-1
-1
-1
-1
-1
-1
-1
-1
-1
-1
4413
6973
1019
9416
3150
-1
-1
8003
7935
9710
4102
8724
-1
581
8830
4782
8034
5325
8384
5642
-1
-1
-1
-1
-1
5496
-1
-1
-1
-1
1140
2563
-1
7381
3635
-1
-1
7617
-1
6169
-1
6575
168
5638
-1
-1
77
5216
-1
4751
-1
-1
-1
-1
-1
9796
-1
6907
-1
-1
-1
-1
-1
-1
-1
6788
-1
9677
6270
-1
690
8450
9384
-1
-1
5598
6235
-1
-1
-1
-1
3277
-1
-1
-1
6419
-1
-1
-1
-1
3789
-1
-1
4972
9581
1624
6697
-1
-1
2926
-1
-1
-1
1259
1673
9585
-1
4488
-1
-1
-1
-1
-1
7222
6046
-1
5481
-1
-1
2372
-1
-1
6497
5698
7683
-1
-1
778
3261
-1
5172
-1
7671
-1
-1
454
-1
5276
-1
3120
8006
-1
3527
-1
-1
-1
-1
7474
679
2784
211
5503
-1
-1
2665
406
8185
-1
-1
-1
7776
3692
4099
-1
-1
8618
-1
-1
-1
-1
2653
-1
8171
2033
9916
-1
-1
2071
3149
-1
5837
9870
145
2960
-1
8435
-1
-1
-1
-1
-1
6109
7645
6150
-1
-1
9783
-1
6602
-1
9171
-1
-1
4881
8920
2250
5191
5904
5348
-1
9086
-1
1743
791
4121
-1
-1
-1
-1
-1
7644
-1
-1
-1
4088
8027
484
488
5233
-1
-1
5341
-1
-1
8007
4501
6455
-1
-1
-1
-1
6458
-1
-1
3807
-1
6873
-1
1971
9718
3233
-1
5705
5814
193
3412
-1
4586
-1
1934
7746
5463
925
9941
-1
5511
-1
-1
4630
6897
396
-1
4125
5749
-1
3910
-1
1227
5036
3661
-1
-1
7150
-1
-1
-1
3008
1237
-1
7952
-1
8764
149
-1
4204
-1
-1
-1
-1
5279
-1
-1
9373
-1
1795
-1
-1
-1
-1
70
1303
8002
212
951
-1
3541
-1
-1
-1
-1
991
-1
-1
-1
8194
-1
9974
377
-1
-1
8625
-1
4210
-1
758
-1
-1
-1
-1
-1
6143
-1
6505
-1
2368
8389
8091
5034
-1
-1
-1
-1
-1
2702
-1
9363
-1
-1
-1
-1
-1
4667
2836
12
220
-1
4184
-1
8105
9663
-1
7861
-1
301
2924
629
712
-1
4276
-1
-1
5692
-1
-1
17
-1
-1
-1
135
-1
3000
9103
-1
2549
657
-1
2839
3156
-1
-1
-1
7348
7153
3622
-1
-1
9832
-1
-1
420
-1
-1
-1
2319
5251
-1
9073
-1
-1
-1
-1
5360
900
7578
-1
1419
4433
7574
-1
3758
-1
1255
4930
-1
8941
1561
9254
8001
-1
-1
2357
503
7963
6247
-1
-1
8380
5930
4868
8328
5237
-1
5742
6902
3048
-1
3517
2451
7835
4719
-1
-1
-1
-1
-1
-1
2415
-1
-1
52
1615
1756
5317
-1
-1
-1
6338
-1
7230
5099
-1
-1
2579
8163
6397
-1
-1
8010
-1
1249
1454
9937
8815
2443
8294
3738
-1
1071
1489
-1
-1
-1
-1
1924
-1
907
3012
-1
3522
-1
3130
8040
-1
-1
-1
3296
-1
4679
6597
-1
4452
-1
-1
7638
-1
-1
-1
-1
6170
-1
6285
982
-1
2594
-1
-1
6879
-1
-1
-1
-1
6136
6366
3727
444
-1
102
1856
-1
-1
-1
4890
3631
-1
3042
5946
5696
-1
7670
-1
-1
7009
3060
-1
-1
-1
-1
-1
-1
1505
8616
1890
159
8454
7049
9747
-1
-1
-1
-1
4148
8053
3108
2528
3639
-1
-1
9749
-1
-1
-1
196
6456
-1
1224
4036
-1
-1
6222
-1
7149
2361
6035
3705
3950
-1
-1
8219
-1
7192
-1
-1
7440
3016
-1
1366
-1
2607
7924
-1
9041
3481
-1
1016
6471
83
-1
-1
6294
3449
161
-1
-1
-1
36
9080
5105
-1
268
8641
-1
-1
-1
-1
-1
1278
9649
3542
1778
-1
5498
9101
7387
4698
4984
1247
-1
-1
7886
7719
-1
-1
9127
2388
-1
-1
668
-1
9594
4090
163
-1
7221
-1
9584
4234
-1
-1
6268
-1
-1
-1
4002
-1
-1
6096
3512
-1
6714
-1
4909
-1
9338
2075
-1
4939
9104
-1
-1
3254
6448
6414
-1
3838
374
-1
7872
-1
-1
6734
-1
9365
6929
-1
-1
7271
-1
6336
-1
1251
3092
-1
-1
3377
-1
1880
469
8425
-1
-1
-1
4860
6863
-1
1799
-1
-1
257
-1
8210
-1
-1
1147
5471
130
-1
7026
-1
-1
-1
4300
6838
-1
-1
2010
5962
-1
-1
2766
-1
-1
-1
-1
6359
5720
-1
-1
-1
-1
8444
3681
7911
-1
-1
-1
-1
7360
6386
-1
-1
9947
7142
-1
79
-1
-1
4342
-1
-1
8290
6194
-1
7669
-1
-1
-1
8
2842
-1
8798
763
464
1929
6603
-1
3289
-1
-1
5843
2365
-1
-1
-1
1530
-1
-1
-1
7766
-1
4570
4799
-1
-1
6874
-1
9923
3825
8897
3426
4629
-1
-1
-1
4317
-1
4141
-1
-1
-1
-1
1551
8400
3251
1640
-1
9892
-1
7666
9727
-1
5049
-1
5088
1315
-1
9726
-1
-1
-1
1218
9772
-1
3288
5680
-1
-1
-1
-1
7731
-1
2162
-1
5844
-1
-1
-1
3498
-1
8964
1857
-1
-1
-1
9240
-1
-1
-1
7939
-1
2066
9863
5445
3227
2015
-1
-1
-1
1651
-1
-1
1429
-1
-1
-1
6049
4250
-1
9530
9942
-1
1072
-1
-1
7402
-1
425
-1
-1
-1
9836
1347
-1
-1
-1
6793
-1
-1
-1
-1
-1
8944
-1
-1
505
40
5706
3863
-1
-1
542
-1
9983
-1
7765
1411
6667
-1
3609
375
2495
9050
-1
9951
1372
-1
9284
2834
-1
6296
177
553
9019
4770
409
-1
-1
5449
-1
3121
118
-1
-1
7721
-1
6956
-1
-1
-1
-1
1392
-1
1187
-1
-1
-1
-1
7198
180
-1
-1
-1
-1
8138
-1
-1
-1
-1
9014
7161
-1
50
-1
3072
-1
-1
3756
-1
2142
6684
9156
4564
-1
-1
-1
331
-1
3741
6059
6632
11
-1
1364
-1
-1
-1
4325
9179
3492
-1
4108
-1
5968
2289
-1
640
-1
7334
9653
7943
8181
-1
9780
4428
7446
-1
8239
3980
3700
3795
8854
4583
-1
8296
2544
4585
9808
-1
6042
1009
-1
-1
1555
-1
-1
-1
-1
6163
-1
9314
186
-1
4031
-1
7957
45
6462
638
6774
8145
3020
8326
-1
893
5792
6332
-1
6396
101
-1
8603
-1
-1
-1
-1
-1
-1
6671
829
7556
3534
5238
-1
-1
6205
4315
2851
-1
-1
-1
-1
4365
-1
4916
-1
-1
4456
8598
-1
6898
-1
-1
-1
8825
437
-1
-1
9108
-1
9189
2855
8822
9320
3713
-1
-1
9204
-1
-1
-1
2671
-1
-1
-1
-1
6766
4944
5236
-1
1328
-1
267
-1
-1
6720
8843
-1
3881
-1
8204
-1
-1
-1
2864
8478
756
-1
8319
-1
8845
-1
-1
-1
2832
-1
-1
-1
-1
-1
1808
-1
-1
5873
5760
-1
-1
2420
-1
-1
2189
-1
-1
-1
9327
-1
1370
4614
7059
4920
1529
5583
7019
9123
3549
-1
8726
9280
4914
4675
-1
2768
-1
-1
-1
-1
633
3856
9446
-1
-1
-1
4454
5223
-1
-1
-1
-1
7857
-1
4934
-1
3576
9140
7157
-1
8629
4484
3663
3901
5607
7158
4724
-1
7442
4416
1783
5903
-1
-1
274
9855
-1
4672
1990
-1
4715
35
-1
-1
-1
8387
-1
-1
-1
8508
9735
2313
6615
6583
-1
-1
6999
6401
-1
-1
2392
-1
-1
487
-1
3231
8865
-1
7662
1141
5656
-1
3921
4389
6385
812
-1
-1
3822
5538
5994
7214
-1
-1
-1
7883
-1
9679
-1
-1
2730
9145
-1
4880
7449
2323
1050
-1
4970
5297
3116
7393
9964
-1
9015
1170
-1
-1
-1
-1
-1
4578
9993
501
2128
4706
-1
-1
-1
2501
-1
-1
-1
-1
-1
6694
-1
-1
5972
-1
-1
-1
-1
5618
-1
-1
9035
1017
9454
2714
1066
-1
780
4267
4469
1536
-1
-1
6288
5307
-1
1406
1809
5090
-1
-1
-1
6609
-1
-1
-1
-1
-1
8615
2628
1865
-1
-1
-1
-1
9915
7787
-1
-1
4225
-1
-1
-1
2224
-1
9569
158
-1
-1
-1
5759
-1
6274
1229
-1
-1
-1
-1
-1
-1
-1
5450
-1
8567
9741
8530
-1
-1
8682
7524
-1
2959
-1
4064
-1
7654
-1
8410
-1
9017
-1
-1
9269
-1
205
7738
6050
-1
2898
-1
4810
9990
1623
-1
-1
8054
-1
5125
3407
-1
3139
-1
6105
-1
4572
-1
-1
606
956
7236
-1
6640
4203
8261
7674
-1
-1
1578
6133
-1
-1
-1
2303
-1
-1
913
-1
-1
-1
8481
5068
6225
3535
-1
-1
-1
-1
5198
1076
499
9968
6729
6094
-1
-1
9882
2957
3329
9554
7092
-1
4775
2048
7917
792
-1
4627
1707
-1
-1
9275
9225
-1
-1
6880
8775
5493
-1
8032
9404
7223
-1
-1
372
-1
-1
-1
-1
-1
-1
1635
-1
-1
9018
-1
-1
-1
8808
-1
8004
5462
-1
2325
-1
-1
-1
4554
-1
4910
-1
-1
-1
-1
-1
8182
-1
3257
3676
-1
8135
861
6963
1289
6123
-1
41
7181
649
-1
-1
7581
2216
1510
-1
-1
-1
-1
-1
-1
-1
4091
8955
-1
-1
2133
8974
-1
1825
-1
-1
-1
4069
-1
-1
8614
9807
-1
7353
-1
8525
-1
-1
-1
5259
5359
-1
1346
-1
7447
-1
4982
2635
-1
4098
8714
5851
-1
-1
-1
5064
7572
4650
-1
-1
7795
9743
-1
9194
-1
-1
-1
5924
6445
-1
-1
-1
2001
-1
-1
7164
-1
4844
-1
9945
-1
4652
9248
-1
-1
-1
3146
-1
-1
5505
5813
8216
947
475
-1
-1
2779
-1
1946
-1
6508
2744
-1
-1
-1
3977
-1
-1
7172
-1
2406
-1
-1
5300
-1
-1
-1
8269
6817
298
5891
3345
-1
5678
-1
8127
2518
-1
2890
4631
-1
-1
6987
-1
-1
-1
-1
3880
3212
-1
-1
5565
6931
-1
-1
8860
-1
-1
8728
-1
1430
-1
4037
-1
-1
-1
-1
-1
-1
2236
-1
9377
1436
4339
4959
4859
-1
7383
-1
-1
-1
8170
-1
9536
9157
1244
-1
3984
-1
-1
3722
-1
-1
1394
-1
-1
-1
3987
7476
2920
-1
-1
5218
-1
-1
2429
2267
760
7726
-1
5140
4252
817
-1
9607
-1
-1
-1
-1
9992
-1
-1
-1
-1
-1
4
3808
-1
8770
-1
-1
-1
-1
9709
8071
-1
1115
3433
-1
-1
-1
-1
2471
4493
8586
-1
8241
699
9459
-1
-1
2300
-1
-1
-1
6949
-1
-1
-1
-1
-1
-1
-1
2492
6930
-1
589
-1
-1
5375
-1
5637
8047
4563
-1
-1
-1
7921
583
2186
7967
5590
-1
6168
-1
5458
5735
-1
-1
-1
217
2082
-1
-1
-1
-1
4908
-1
2933
5967
7729
6161
-1
798
985
730
3300
4314
-1
-1
-1
737
4516
686
6927
-1
-1
3976
-1
1523
-1
-1
4097
3832
-1
-1
-1
-1
-1
-1
3087
7071
2472
25
-1
-1
3113
8082
4170
-1
3256
-1
-1
-1
8886
7820
3849
4143
2534
-1
9588
-1
-1
4162
2258
4816
8521
5864
-1
-1
-1
7959
-1
-1
-1
7786
-1
7326
-1
3452
3200
-1
-1
-1
-1
3597
7664
7413
4421
6682
-1
2912
-1
8320
-1
9871
2675
2955
6196
-1
-1
8052
3332
6231
6012
6834
119
-1
-1
2636
8150
-1
7603
9374
435
-1
5778
-1
-1
-1
2921
8662
-1
-1
-1
-1
-1
-1
-1
-1
-1
4372
-1
-1
-1
7428
-1
297
2331
-1
-1
-1
-1
1878
2877
5315
-1
-1
3472
-1
9129
4207
9662
1970
-1
2504
-1
-1
3298
-1
-1
-1
6289
-1
-1
-1
7022
-1
1331
3235
8415
8967
3090
6912
-1
-1
-1
3163
-1
8902
5052
4211
-1
-1
9133
-1
1660
940
5211
-1
5164
-1
5005
-1
-1
9999
-1
9572
-1
-1
-1
5126
2356
-1
6877
-1
2450
2474
-1
2006
-1
-1
4839
3326
-1
-1
2358
7707
-1
-1
2149
-1
6376
7566
-1
-1
-1
875
-1
2900
9257
9258
6588
-1
9592
-1
564
-1
1235
9393
6613
-1
-1
3439
8721
-1
-1
1414
6737
-1
361
-1
-1
8395
-1
-1
-1
-1
1875
-1
6579
4794
5776
7124
7838
6532
2936
-1
8986
8446
-1
3488
1498
-1
-1
-1
5311
-1
466
-1
4822
2481
-1
-1
1552
4274
6988
-1
6757
5437
-1
8262
-1
-1
4628
929
5987
-1
-1
-1
-1
-1
1137
-1
-1
-1
6003
8965
-1
5110
-1
810
7900
2432
6084
-1
8823
1176
2204
-1
4730
-1
-1
-1
-1
-1
-1
-1
6036
5338
-1
7693
-1
7913
-1
-1
4149
-1
-1
-1
4500
-1
8458
-1
-1
-1
9555
4202
-1
-1
8068
3963
5957
-1
700
-1
6865
2430
4684
2454
7490
-1
-1
7263
-1
-1
5527
-1
2145
-1
-1
3606
-1
-1
-1
2327
-1
-1
2165
-1
-1
9971
639
6543
-1
5207
-1
-1
5165
4041
9283
176
-1
-1
2425
-1
8646
8227
-1
-1
-1
2524
3164
-1
-1
3267
7468
2422
5717
-1
-1
-1
2002
1044
-1
9597
-1
782
574
138
4663
-1
4080
-1
-1
2907
-1
-1
5232
-1
5552
7986
3785
-1
-1
-1
2077
3438
5588
8844
-1
3075
-1
240
2780
-1
-1
-1
5774
-1
-1
7204
8776
4486
6839
-1
-1
353
8430
8800
31
-1
3183
-1
-1
5630
8104
4960
1581
-1
7841
8300
7538
6176
-1
-1
6475
1621
5368
-1
4854
-1
7273
-1
5918
-1
9185
3629
-1
6915
2086
4687
-1
-1
8279
5490
-1
-1
8017
-1
-1
5556
7496
-1
3503
4192
6708
5344
-1
-1
7502
6423
6347
6459
922
8321
-1
2336
6418
288
-1
-1
8568
8245
-1
-1
-1
5687
-1
-1
-1
1104
-1
-1
-1
-1
4176
2463
-1
9846
8846
-1
8658
-1
-1
6811
8958
8504
1197
1508
9580
6363
-1
-1
-1
-1
350
1736
90
-1
-1
3110
-1
4900
-1
4704
-1
-1
-1
-1
9721
1904
-1
5150
-1
9558
-1
-1
5832
6345
-1
5563
3114
-1
-1
-1
-1
-1
-1
3544
9117
-1
9701
784
-1
-1
2101
-1
3920
8712
9112
8407
-1
1590
8214
-1
-1
-1
-1
4830
-1
7037
9646
1231
5288
1057
3621
-1
9717
-1
-1
895
-1
-1
2642
8136
-1
4491
-1
5213
2067
-1
4913
-1
2473
-1
-1
-1
6424
7813
-1
-1
7023
-1
-1
2089
-1
-1
-1
4643
2737
-1
-1
579
-1
-1
8560
-1
-1
5677
-1
-1
7512
2203
-1
8842
-1
-1
-1
-1
1949
-1
310
-1
7351
8041
-1
-1
1222
4537
-1
-1
-1
5827
3357
-1
3378
9763
-1
-1
449
-1
2532
-1
8732
2074
-1
-1
-1
-1
8287
2476
9770
-1
-1
8851
7623
3151
-1
-1
5902
-1
-1
-1
6892
9137
656
-1
-1
201
-1
9928
-1
7112
9751
5050
800
-1
-1
1906
-1
-1
-1
-1
7094
1538
8085
-1
6192
-1
-1
9524
8640
9856
-1
-1
-1
-1
-1
-1
6512
-1
4023
8018
-1
-1
-1
2946
2304
-1
9765
9222
983
5769
9767
-1
246
-1
-1
9364
-1
-1
-1
750
356
-1
6562
-1
9692
-1
-1
-1
-1
6254
6569
1757
-1
-1
4358
328
-1
1987
-1
-1
6159
7079
4764
-1
1713
2322
2105
5461
-1
-1
4113
-1
-1
9386
6118
1814
508
174
-1
3798
1598
-1
520
-1
-1
7119
1079
6711
-1
8162
-1
4035
7103
3205
-1
4927
-1
-1
-1
9060
-1
-1
-1
-1
-1
-1
-1
6075
6032
-1
-1
5856
-1
-1
-1
-1
-1
1841
-1
4403
2035
-1
6515
-1
-1
3912
1965
-1
-1
-1
-1
9298
2293
6705
-1
5912
1073
-1
7774
-1
-1
-1
-1
-1
5147
-1
-1
-1
-1
8685
9821
7599
5995
4431
2669
6693
-1
-1
156
-1
642
4151
-1
-1
-1
5044
6524
-1
-1
-1
-1
664
9205
6138
-1
1586
-1
-1
7480
7527
-1
2993
-1
-1
-1
3871
-1
9549
-1
-1
-1
-1
-1
5477
-1
122
-1
-1
320
4992
-1
-1
-1
548
-1
4498
5143
-1
1898
-1
7754
2020
7705
-1
1276
2363
7537
559
-1
-1
-1
-1
-1
7757
2967
6216
-1
2800
1985
-1
-1
-1
-1
-1
-1
-1
-1
8673
-1
1943
1422
4622
5112
8957
-1
-1
9151
7534
-1
2412
6286
-1
9135
1183
5423
-1
-1
-1
8572
-1
-1
-1
-1
-1
2680
-1
-1
1377
-1
2455
7905
-1
-1
9065
-1
-1
5003
9619
6186
-1
-1
4779
-1
-1
3418
-1
-1
3447
285
-1
7966
8267
-1
7350
-1
7830
2084
-1
9842
-1
8735
1339
9315
1444
776
4763
-1
245
-1
7713
-1
8984
-1
418
-1
2862
-1
-1
5551
-1
-1
-1
-1
5485
-1
-1
5800
-1
8208
-1
-1
4648
-1
3082
8849
6200
-1
6557
-1
4213
-1
-1
9579
-1
-1
-1
-1
3628
8814
-1
-1
5841
-1
9316
7066
3066
1443
2731
109
4771
697
6372
9756
-1
-1
9110
9111
4876
-1
2587
-1
-1
6517
8870
2649
676
-1
-1
4879
-1
2302
-1
4367
9847
-1
4732
2045
-1
2347
-1
-1
-1
6394
-1
-1
8437
7201
-1
4760
-1
8558
4034
3887
5906
7557
-1
-1
-1
742
4965
8783
-1
7553
-1
4264
2517
729
-1
7255
-1
2897
-1
-1
1526
-1
2123
7850
-1
-1
3586
-1
8522
8731
-1
-1
6305
867
-1
3913
-1
8103
5441
9336
6492
9800
1334
3601
8390
4690
1421
-1
5316
-1
2595
4795
6166
-1
-1
-1
-1
7258
-1
-1
-1
-1
2817
9244
4849
9811
-1
-1
5945
-1
-1
3774
-1
547
4480
-1
9138
749
74
-1
9425
-1
-1
4815
-1
-1
-1
6429
7401
8591
-1
-1
-1
5012
-1
-1
3462
8167
8051
-1
-1
-1
-1
-1
-1
2444
-1
-1
4945
734
3562
6079
8196
-1
-1
-1
-1
-1
4991
4332
7450
7109
-1
-1
5333
-1
-1
3570
1723
1342
-1
-1
7127
-1
-1
8811
689
-1
8954
-1
8962
2773
-1
-1
1864
6709
-1
-1
7653
4654
1033
-1
-1
2990
4571
-1
6041
-1
-1
-1
6217
3258
-1
821
3259
-1
755
-1
-1
-1
-1
-1
-1
-1
-1
-1
-1
-1
5135
167
3796
1305
-1
6256
3437
-1
-1
8005
-1
7783
2110
1219
-1
6023
7029
-1
6439
1815
4611
-1
2840
3041
-1
1488
-1
5662
-1
-1
9216
3926
5240
-1
2232
3375
-1
-1
-1
-1
-1
1803
-1
837
-1
3101
-1
562
4039
4635
-1
-1
-1
-1
2872
-1
3567
2804
8357
121
8277
-1
4072
-1
-1
573
-1
3803
-1
-1
7392
6828
7337
-1
-1
9092
7338
7798
-1
6624
1007
2091
-1
-1
7015
9387
2939
8901
-1
-1
8461
-1
-1
8128
7185
-1
3211
1926
3122
-1
9201
-1
9676
9823
2984
-1
-1
3718
3218
6061
-1
-1
3155
264
-1
5152
-1
-1
-1
-1
8729
-1
2195
7448
3829
1516
3922
-1
-1
805
8853
-1
5663
-1
-1
9627
-1
-1
4561
6719
-1
4842
7887
-1
-1
-1
1944
144
3655
2076
-1
-1
7994
-1
7832
-1
948
10
1942
9167
2246
-1
-1
-1
-1
3202
1606
6690
18
9736
3653
-1
814
3665
9440
-1
-1
352
5017
1034
-1
-1
-1
-1
-1
-1
-1
-1
8961
4505
1705
6592
701
5626
-1
7533
-1
-1
9381
-1
-1
4335
2991
9840
104
1645
3771
9720
-1
8220
113
8855
-1
-1
-1
-1
-1
-1
-1
-1
8780
-1
1895
2901
4907
-1
43
-1
4682
9047
-1
-1
-1
1535
2136
-1
6994
2039
2641
-1
-1
9053
-1
669
206
6656
3004
-1
-1
4182
8608
-1
3358
-1
4925
4898
-1
-1
6990
2217
4178
-1
2103
-1
-1
8723
-1
-1
8260
943
6699
-1
9328
-1
1982
4008
1153
-1
5373
243
-1
-1
4777
2982
452
-1
4518
-1
2831
5628
-1
-1
-1
9184
303
-1
4899
-1
114
3564
-1
-1
517
9902
-1
8066
3560
-1
-1
7898
4298
233
550
-1
-1
8271
6533
-1
-1
2158
6891
2127
-1
-1
-1
1080
2320
-1
-1
-1
8694
-1
7342
4379
-1
8703
2575
-1
-1
-1
-1
-1
7839
-1
2095
4295
-1
-1
2629
9600
-1
9904
-1
952
-1
4390
-1
6680
-1
9953
7043
9613
5139
-1
4124
-1
-1
3988
-1
522
-1
7032
6738
-1
-1
-1
-1
-1
1452
6037
7483
-1
5675
3268
-1
8900
1544
7126
8827
-1
-1
-1
5442
5889
8938
-1
-1
-1
9211
6833
309
8117
8083
-1
-1
3904
1541
6156
-1
-1
-1
-1
2811
-1
6436
3764
-1
9420
-1
8561
-1
-1
7955
-1
3797
-1
8746
3746
-1
-1
8469
-1
-1
462
-1
-1
-1
974
7319
4662
-1
-1
7734
123
8681
-1
-1
-1
-1
-1
3194
-1
2401
-1
-1
-1
-1
-1
3779
-1
-1
6349
-1
6153
2600
9479
5491
1580
-1
5981
-1
-1
-1
3103
5209
6950
-1
-1
-1
-1
9615
-1
-1
-1
430
6149
9410
-1
-1
3169
-1
-1
9638
1319
-1
-1
7083
-1
-1
-1
-1
46
2068
3770
7100
-1
9910
-1
3068
-1
7818
-1
8536
-1
2378
-1
-1
-1
-1
-1
-1
9567
-1
9360
-1
-1
-1
2386
-1
7464
7606
460
4990
-1
2521
3382
9872
2109
-1
-1
-1
9187
-1
8050
1771
-1
-1
4393
-1
-1
-1
4195
1451
-1
1774
7948
7889
-1
-1
-1
3421
9648
-1
1642
9412
-1
273
-1
8340
-1
530
5162
7184
3424
-1
5681
9681
5632
-1
4963
-1
5911
-1
8025
-1
788
9900
2299
8512
5767
6187
-1
-1
5899
6467
-1
-1
-1
-1
-1
-1
630
-1
4087
-1
8124
4193
8111
-1
987
5592
9533
5567
6054
5500
6827
7289
5830
-1
-1
-1
-1
9672
3569
-1
5958
-1
-1
8474
-1
691
-1
8539
-1
-1
8465
-1
-1
-1
6302
-1
6638
-1
-1
-1
-1
4689
892
-1
4016
949
872
5323
-1
1293
7899
9071
7616
2562
-1
9986
-1
6619
-1
-1
-1
5420
739
-1
1367
-1
7584
1036
8109
3740
-1
-1
9331
3707
4897
2260
-1
-1
-1
-1
-1
1352
-1
-1
-1
-1
-1
-1
-1
-1
-1
5782
-1
467
8312
-1
4355
2676
7061
-1
3637
-1
-1
-1
8813
-1
3411
-1
5745
540
7419
-1
-1
-1
2875
4216
-1
1844
-1
-1
-1
9186
6507
3952
3617
1393
7
7759
-1
-1
-1
-1
5940
-1
3142
7047
-1
-1
-1
2556
1667
-1
8353
680
-1
-1